va_cl = [  0.0
 
  0.0
 
  0.0
 
  0.0
 
  0.0
 
  0.0
 
  0.0
 
  0.00249350001104
 
  0.0
 
  0.0
 
  0.0
 
  0.00249350001104
 
  0.0
 
  0.0
 
  0.0
 
  0.0
 
  0.00249350001104
 
  0.0274285003543
 
  0.0324154980481
 
  0.0299219992012
 
  0.0174544993788
 
  0.0299219992012
 
  0.0748050063848
 
  0.0748049989343
 
  0.0374024994671
 
  0.0224414989352
 
  0.0897660031915
 
  0.0872725024819
 
  0.109714001417
 
  0.132155507803
 
  0.167064502835
 
  0.174545004964
 
  0.191999495029
 
  0.219428002834
 
  0.221921503544
 
  0.236882507801
 
  0.249350011349
 
  0.266804516315
 
  0.251843512058
 
  0.279271990061
 
  0.271791487932
 
  0.276778489351
 
  0.271791487932
 
  0.286752492189
 
  0.286752492189
 
  0.296726495028
 
  0.316674500704
 
  0.326648503542
 
  0.334129005671
 
  0.33911600709
 
  0.359064012766
 
  0.354077011347
 
  0.346596509218
 
  0.359064012766
 
  0.356570512056
 
  0.344103008509
 
  0.341609507799
 
  0.204466998577
 
  0.369037985802
 
  0.366544485092
 
  0.381505489349
 
  0.411427497864
 
  0.426388502121
 
  0.406440496445
 
  0.421401500702
 
  0.428882002831
 
  0.426388502121
 
  0.418907999992
 
  0.43137550354
 
  0.43137550354
 
  0.441349506378
 
  0.43137550354
 
  0.443843007088
 
  0.43137550354
 
  0.443843007088
 
  0.446336507797
 
  0.456310510635
 
  0.448830008507
 
  0.463791012764
 
  0.43137550354
 
  0.441349506378
 
  0.43386900425
 
  0.443843007088
 
  0.448830008507
 
  0.446336507797
 
  0.446336507797
 
  0.463791012764
 
  0.468778014183
 
  0.428882002831
 
  0.43386900425
 
  0.428882002831
 
  0.436362504959
 
  0.418907999992
 
  0.441349506378
 
  0.438856005669
 
  0.468778014183
 
  0.413920998573
 
  0.406440496445
 
  0.398959994316
 
  0.37651848793
 
  0.351583510637
 
  0.351583510637
 
  0.334129005671
 
  0.334129005671
 
  0.349090009928
 
  0.33911600709
 
  0.334129005671
 
  0.341609507799
 
  0.334129005671
 
  0.33911600709
 
  0.33911600709
 
  0.344103008509
 
  0.346596509218
 
  0.349090009928
 
  0.351583480835
 
  0.33911600709
 
  0.329141974449
 
  0.346596479416
 
  0.32664847374
 
  0.374024987221
 
  0.383998990059
 
  0.386492490768
 
  0.398959994316
 
  0.408933997154
 
  0.411427497864
 
  0.413920998573
 
  0.43386900425
 
  0.443843007088
 
  0.436362504959
 
  0.441349506378
 
  0.458804011345
 
  0.453817009926
 
  0.43137550354
 
  0.43137550354
 
  0.436362504959
 
  0.438856005669
 
  0.428882002831
 
  0.43386900425
 
  0.411427497864
 
  0.418907999992
 
  0.406440496445
 
  0.393972992897
 
  0.393972992897
 
  0.401453495026
 
  0.406440496445
 
  0.406440496445
 
  0.428882002831
 
  0.43386900425
 
  0.43386900425
 
  0.453817009926
 
  0.426388502121
 
  0.398959994316
 
  0.401453495026
 
  0.401453495026
 
  0.393972992897
 
  0.37651848793
 
  0.401453495026
 
  0.393972992897
 
  0.393972992897
 
  0.37901198864
 
  0.403946995735
 
  0.391479492188
 
  0.406440496445
 
  0.411427497864
 
  0.423895001411
 
  0.393972992897
 
  0.388985991478
 
  0.423895001411
 
  0.423895001411
 
  0.423895001411
 
  0.448830008507
 
  0.453817009926
 
  0.458804011345
 
  0.476258516312
 
  0.511167526245
 
  0.516154527664
 
  0.523634970188
 
  0.513661026955
 
  0.605920493603
 
  0.610907495022
 
  0.628361999989
 
  0.645816504955
 
  0.678232014179
 
  0.683219015598
 
  0.705660521984
 
  0.720621466637
 
  0.738075971603
 
  0.718127965927
 
  0.75802397728
 
  0.75553047657
 
  0.772984981537
 
  0.782958984375
 
  0.795426487923
 
  0.805400490761
 
  0.820361495018
 
  0.870231509209
 
  0.850283503532
 
  0.895166516304
 
  0.882699012756
 
  0.825348496437
 
  0.857764005661
 
  0.86524450779
 
  0.872725009918
 
  0.877712011337
 
  0.837815999985
 
  0.850283503532
 
  0.840309500694
 
  0.81038749218
 
  0.825348496437
 
  0.785452485085
 
  0.760517477989
 
  0.822854995728
 
  0.820361495018
 
  0.835322499275
 
  0.817867994308
 
  0.845296502113
 
  0.835322499275
 
  0.845296502113
 
  0.822854995728
 
  0.852777004242
 
  0.837815999985
 
  0.845296502113
 
  0.86275100708
 
  0.86275100708
 
  0.845296502113
 
  0.86524450779
 
  0.925088524818
 
  0.907634019852
 
  0.885192513466
 
  0.875218510628
 
  0.860257506371
 
  0.852777004242
 
  0.860257506371
 
  0.895166516304
 
  0.837815999985
 
  0.820361495018
 
  0.81038749218
 
  0.785452485085
 
  0.782958984375
 
  0.75802397728
 
  0.777971982956
 
  0.81038749218
 
  0.817867994308
 
  0.802906990051
 
  0.81038749218
 
  0.827841997147
 
  0.832828998566
 
  0.837815999985
 
  0.820361495018
 
  0.86275100708
 
  0.81038749218
 
  0.81038749218
 
  0.832828998566
 
  0.815374493599
 
  0.830335497856
 
  0.805400490761
 
  0.855270504951
 
  0.91511452198
 
  0.847790002823
 
  0.832828998566
 
  0.875218510628
 
  0.847790002823
 
  0.820361495018
 
  0.870231509209
 
  0.945036530495
 
  0.820361495018
 
  0.805400490761
 
  0.820361495018
 
  0.800413489342
 
  0.777971982956
 
  0.75553047657
 
  0.725608468056
 
  0.797919988632
 
  0.780465483665
 
  0.80789399147
 
  0.820361495018
 
  0.81038749218
 
  0.797919988632
 
  0.812880992889
 
  0.817867994308
 
  0.802906990051
 
  0.797919988632
 
  0.825348496437
 
  0.827841997147
 
  0.805400490761
 
  0.820361495018
 
  0.832828998566
 
  0.812880992889
 
  0.86275100708
 
  0.867738008499
 
  0.825348496437
 
  0.81038749218
 
  0.822854995728
 
  0.817867994308
 
  0.832828998566
 
  0.86275100708
 
  0.805400490761
 
  0.80789399147
 
  0.763010978699
 
  0.780465483665
 
  0.775478482246
 
  0.728101968765
 
  0.705660462379
 
  0.775478482246
 
  0.787945985794
 
  0.770491480827
 
  0.770491480827
 
  0.800413489342
 
  0.780465483665
 
  0.780465483665
 
  0.795426487923
 
  0.795426487923
 
  0.75802397728
 
  0.790439486504
 
  0.802906990051
 
  0.805400490761
 
  0.81038749218
 
  0.822854995728
 
  0.812880992889
 
  0.832828998566
 
  0.895166516304
 
  0.852777004242
 
  0.820361495018
 
  0.817867994308
 
  0.830335497856
 
  0.820361495018
 
  0.850283503532
 
  0.820361495018
 
  0.802906990051
 
  0.822854995728
 
  0.805400490761
 
  0.780465483665
 
  0.772984981537
 
  0.730595469475
 
  0.763010978699
 
  0.75553047657
 
  0.753036975861
 
  0.772984981537
 
  0.710647523403
 
  0.695686519146
 
  0.708154022694
 
  0.695686519146
 
  0.67324501276
 
  0.655790507793
 
  0.67573851347
 
  0.653297007084
 
  0.648310005665
 
  0.630855500698
 
  0.61838799715
 
  0.623374998569
 
  0.623374998569
 
  0.630855500698
 
  0.635842502117
 
  0.640829503536
 
  0.645816504955
 
  0.718127965927
 
  0.668258011341
 
  0.623374998569
 
  0.635842502117
 
  0.61838799715
 
  0.598439991474
 
  0.603426992893
 
  0.578491985798
 
  0.62088149786
 
  0.588465988636
 
  0.575998485088
 
  0.56851798296
 
  0.556050479412
 
  0.561037480831
 
  0.563530981541
 
  0.571011483669
 
  0.575998485088
 
  0.558543980122
 
  0.536102473736
 
  0.571011483669
 
  0.56602448225
 
  0.571011483669
 
  0.541089475155
 
  0.536102473736
 
  0.571011483669
 
  0.588465988636
 
  0.595946490765
 
  0.593452990055
 
  0.608413994312
 
  0.608413994312
 
  0.600933492184
 
  0.603426992893
 
  0.598439991474
 
  0.605920493603
 
  0.605920493603
 
  0.583478987217
 
  0.593452990055
 
  0.615894496441
 
  0.635842502117
 
  0.615894496441
 
  0.625868499279
 
  0.635842502117
 
  0.688206017017
 
  0.718127965927
 
  0.663271009922
 
  0.638336002827
 
  0.610907495022
 
  0.590959489346
 
  0.580985486507
 
  0.56851798296
 
  0.571011483669
 
  0.593452990055
 
  0.551063477993
 
  0.558543980122
 
  0.561037480831
 
  0.575998485088
 
  0.558543980122
 
  0.56602448225
 
  0.588465988636
 
  0.578491985798
 
  0.546076536179
 
  0.521141529083
 
  0.585972487926
 
  0.56602448225
 
  0.548569977283
 
  0.575998485088
 
  0.580985486507
 
  0.563530981541
 
  0.575998485088
 
  0.593452990055
 
  0.600933492184
 
  0.603426992893
 
  0.650803506374
 
  0.655790507793
 
  0.643323004246
 
