spd = [ 0.00498700002208
 
 0.00249350001104
 
 0.00249350001104
 
 0.0
 
 0.0
 
 0.0
 
 0.00249350001104
 
 0.0
 
 0.0
 
 0.00249350001104
 
 0.0
 
 0.0
 
 0.0
 
 0.0
 
 0.0
 
 0.0
 
 0.0
 
 0.0
 
 0.0
 
 0.0
 
 0.0
 
 0.0
 
 0.0
 
 0.0
 
 0.0
 
 0.0
 
 0.0
 
 0.0
 
 0.0
 
 0.0
 
 0.0
 
 -0.00249350001104
 
 0.0
 
 0.00249350001104
 
 0.0
 
 0.0
 
 0.0
 
 0.0
 
 0.0
 
 0.0
 
 0.0
 
 0.0
 
 0.0
 
 0.0
 
 0.0
 
 -0.00249350001104
 
 0.0
 
 0.00498700002208
 
 0.00249350001104
 
 0.00748050026596
 
 0.00748050026596
 
 0.00748050026596
 
 0.00997400004417
 
 0.00498700002208
 
 0.00748050026596
 
 0.00748050026596
 
 0.00748050026596
 
 0.00748050026596
 
 0.00498700002208
 
 0.00498700002208
 
 0.00498700002208
 
 0.00249350001104
 
 0.0
 
 0.0
 
 0.0
 
 0.0
 
 0.0
 
 0.0
 
 0.0
 
 0.0
 
 0.0
 
 0.0
 
 0.0
 
 0.0
 
 0.00249350001104
 
 0.0
 
 0.0
 
 0.00249350001104
 
 0.00249350001104
 
 0.0
 
 0.00249350001104
 
 0.0
 
 0.0
 
 0.0
 
 0.0
 
 0.00249350001104
 
 0.00249350001104
 
 0.00249350001104
 
 0.00249350001104
 
 0.00498700002208
 
 0.00249350001104
 
 0.00498700002208
 
 0.00498700002208
 
 0.00498700002208
 
 0.00249350001104
 
 0.0
 
 0.00249350001104
 
 0.0
 
 0.0
 
 0.0
 
 0.0
 
 0.0
 
 0.00249350001104
 
 0.0
 
 0.0
 
 0.0
 
 0.00249350001104
 
 0.0
 
 0.00498700002208
 
 0.00249350001104
 
 0.00249350001104
 
 0.0
 
 0.00249350001104
 
 0.00249350001104
 
 0.0
 
 0.00249350001104
 
 0.00249350001104
 
 0.00249350001104
 
 0.0
 
 0.0
 
 0.0
 
 0.0
 
 0.0
 
 0.0
 
 0.0
 
 0.00249350001104
 
 0.0
 
 0.00249350001104
 
 0.00249350001104
 
 0.00249350001104
 
 0.00498700002208
 
 0.0174544993788
 
 0.0374024994671
 
 0.052363499999
 
 0.0847790017724
 
 0.102233499289
 
 0.127168506384
 
 0.147116497159
 
 0.177038490772
 
 0.18701249361
 
 0.211947500706
 
 0.221921503544
 
 0.239375993609
 
 0.249349996448
 
 0.269297987223
 
 0.276778489351
 
 0.296726495028
 
 0.306700497866
 
 0.331635504961
 
 0.351583480835
 
 0.339115977287
 
 0.349089980125
 
 0.339115977287
 
 0.33662250638
 
 0.341609477997
 
 0.331635504961
 
 0.299219995737
 
 0.279271990061
 
 0.294232994318
 
 0.271791487932
 
 0.254336982965
 
 0.241869494319
 
 0.201973497868
 
 0.204466998577
 
 0.177038505673
 
 0.169558003545
 
 0.144622996449
 
 0.13963599503
 
 0.122181504965
 
 0.107220500708
 
 0.09475299716
 
 0.0822855010629
 
 0.0748049989343
 
 0.0673245042562
 
 0.0598439984024
 
 0.0498699992895
 
 0.0398960001767
 
 0.0324154980481
 
 0.0224414989352
 
 0.00997400004417
 
 -0.00498700002208
 
 -0.00748049980029
 
 -0.0224414989352
 
 -0.0349089987576
 
 -0.04737649858
 
 -0.052363499999
 
 -0.0648309960961
 
 -0.0723114982247
 
 -0.0847790017724
 
 -0.09475299716
 
 -0.109714001417
 
 -0.117194503546
 
 -0.132155507803
 
 -0.14212949574
 
 -0.154596999288
 
 -0.167064502835
 
 -0.182025492191
 
 -0.18950599432
 
 -0.206960499287
 
 -0.204466998577
 
 -0.224415004253
 
 -0.236882507801
 
 -0.239376008511
 
 -0.244362995028
 
 -0.249350011349
 
 -0.246856495738
 
 -0.19449301064
 
 -0.249349996448
 
 -0.264310985804
 
 -0.269297987223
 
 -0.259323984385
 
 -0.266804486513
 
 -0.249350011349
 
 -0.251843482256
 
 -0.261817485094
 
 -0.251843482256
 
 -0.249349996448
 
 -0.239376008511
 
 -0.219428002834
 
 -0.206960499287
 
 -0.18950599432
 
 -0.172051489353
 
 -0.147116497159
 
 -0.122181504965
 
 -0.09475299716
 
 -0.0847789943218
 
 -0.0598440021276
 
 -0.0423895008862
 
 -0.0249349996448
 
 -0.0124674998224
 
 0.00498700002208
 
 0.0149610005319
 
 0.0224414989352
 
 0.0224414989352
 
 0.0274285003543
 
 0.0299219992012
 
 0.0274285003543
 
 0.0249349996448
 
 0.0249349996448
 
 0.0224414989352
 
 0.0174544993788
 
 0.0174544993788
 
 0.0174544993788
 
 0.0174544993788
 
 0.0174544993788
 
 0.0199480000883
 
 0.0174544993788
 
 0.0199480000883
 
 0.0224414989352
 
 0.0224414989352
 
 0.0249349996448
 
 0.0324155017734
 
 0.0374024994671
 
 0.0448829978704
 
 0.04737649858
 
 0.052363499999
 
 0.0548570007086
 
 0.0573505014181
 
 0.0548570007086
 
 0.0548570007086
 
 0.0598439984024
 
 0.0623375028372
 
 0.0723114982247
 
 0.0822855010629
 
 0.099739998579
 
 0.112207502127
 
 0.124674998224
 
 0.132155507803
 
 0.132155507803
 
 0.13963599503
 
 0.132155507803
 
 0.124675005674
 
 0.107220500708
 
 0.117194503546
 
 0.117194503546
 
 0.112207502127
 
 0.107220500708
 
 0.109714001417
 
 0.102233499289
 
 0.099739998579
 
 0.0872724950314
 
 0.0872724950314
 
 0.107220500708
 
 0.114701002836
 
 0.122181497514
 
 0.114701002836
 
 0.09475299716
 
 0.0972464978695
 
 0.117194503546
 
 0.114701002836
 
 0.107220500708
 
 0.099739998579
 
 0.09475299716
 
 0.0897659957409
 
 0.0772984996438
 
 0.0648310035467
 
 0.052363499999
 
 0.04737649858
 
 0.0349089987576
 
 0.0274285003543
 
 0.0174544993788
 
 0.00748050026596
 
 -0.00249350001104
 
 -0.00249350001104
 
 -0.00498700002208
 
 -0.00498700002208
 
 -0.00498700002208
 
 -0.00748050026596
 
 -0.00498700002208
 
 0.0
 
 0.00498700002208
 
 0.00498700002208
 
 0.00249350001104
 
 0.00498700002208
 
 0.00498700002208
 
 0.00997400004417
 
 0.00498700002208
 
 0.00498700002208
 
 0.00249350001104
 
 0.00249350001104
 
 0.00249350001104
 
 0.00249350001104
 
 0.00249350001104
 
 0.00249350001104
 
 0.00997400004417
 
 0.00997400004417
 
 0.0149609996006
 
 0.0174544993788
 
 0.0199480000883
 
 0.0274285003543
 
 0.0299219992012
 
 0.0324154980481
 
 0.0349089987576
 
 0.0374024994671
 
 0.0398960001767
 
 0.0423895008862
 
 0.0423894971609
 
 0.0423895008862
 
 0.0498699992895
 
 0.0498699992895
 
 0.0498699992895
 
 0.0498699992895
 
 0.0498699992895
 
 0.0448829978704
 
 0.0324154980481
 
 0.0299219992012
 
 0.0249349996448
 
 0.0224414989352
 
 0.0124674998224
 
 0.00997400004417
 
 0.00249350001104
 
 -0.00249350001104
 
 0.0
 
 0.0
 
 0.0
 
 0.00249350001104
 
 0.0
 
 0.00249350001104
 
 0.00249350001104
 
 0.0
 
 0.00249350001104
 
 0.00249350001104
 
 0.00249350001104
 
 0.0
 
 0.00498700002208
 
 0.00498700002208
 
 0.0
 
 0.00249350001104
 
 0.0
 
 0.0
 
 0.00249350001104
 
 0.00498700002208
 
 0.0
 
 0.0
 
 0.0
 
 -0.00249350001104
 
 -0.00249350001104
 
 0.0
 
 0.0
 
 -0.00249350001104
 
 0.0
 
 0.0
 
 0.0
 
 -0.00498700002208
 
 0.00249350001104
 
 0.0199480000883
 
 0.052363499999
 
 0.0847790017724
 
 0.157090499997
 
 0.18950599432
 
 0.246856495738
 
 0.306700497866
 
 0.391479492188
 
 0.438856005669
 
 0.523635029793
 
 0.588465988636
 
 0.680725514889
 
 0.713141024113
 
 0.782958984375
 
 0.832828998566
 
 0.845296502113
 
 0.850283503532
 
 0.892673015594
 
 0.905140519142
 
 0.897660017014
 
 0.897660017014
 
 0.962491035461
 
 0.974958539009
 
 1.02981543541
 
 1.03230893612
 
 1.03230905533
 
 0.992412984371
 
 1.04228293896
 
 1.09714007378
 
 1.10960745811
 
 1.11210095882
 
 1.13703596592
 
 1.19937348366
 
 1.22181499004
 
 1.3140745163
 
 1.27916550636
 
 1.30410051346
 
 1.32155501842
 
 1.32903552055
 
 1.37890553474
 
 1.35646402836
 
 1.37391853333
 
 1.39636003971
 
 1.4188015461
 
 1.41132092476
 
 1.39885354042
 
 1.43376255035
 
 1.48113894463
 
 1.44124293327
 
 1.42378854752
 
 1.43625605106
 
 1.5010869503
 
 1.57589197159
 
 1.5783854723
 
 1.60332047939
 
 1.56591796875
 
 1.62825548649
 
 1.62576198578
 
 1.63822948933
 
 1.66067099571
 
 1.66815161705
 
 1.69059300423
 
 1.66565799713
 
 1.78285253048
 
 1.78285253048
 
 1.77287840843
 
 1.76789152622
 
 1.98233246803
 
 1.922488451
 
 1.98731946945
 
 1.99230647087
 
 1.95989108086
 
 1.94243645668
 
 1.922488451
 
 1.97485208511
 
 1.93994307518
 
 2.00228047371
 
 1.92498207092
 
 1.98233246803
 
 1.92747557163
 
 2.06461787224
 
 2.03469610214
 
 1.99230647087
 
 2.02222847939
 
 1.99230647087
 
 1.9748519659
 
 1.94243645668
 
 1.91750156879
 
 1.92747545242
 
 1.97734546661
 
 1.88259243965
 
 1.96737146378
 
 1.89506006241
 
 2.05963087082
 
 1.98233246803
 
 1.97235846519
 
 1.99729347229
 
 1.99480009079
 
 1.95241045952
 
 1.98981297016
 
 1.98233246803
 
 1.87760543823
 
 2.03718948364
 
 1.89007306099
 
