spd = [ 0.0
 
 0.00249350001104
 
 0.0
 
 0.0
 
 0.0
 
 0.0
 
 0.0
 
 0.0
 
 0.0
 
 0.0
 
 0.0
 
 0.0
 
 0.0
 
 0.0
 
 0.00249350001104
 
 0.0
 
 0.00249350001104
 
 0.0
 
 0.0
 
 -0.00498700002208
 
 0.0
 
 -0.00249350001104
 
 -0.00498700002208
 
 -0.00249350001104
 
 0.0
 
 0.0
 
 0.00249350001104
 
 0.00249350001104
 
 0.0
 
 0.0
 
 0.0
 
 0.00498700002208
 
 0.00498700002208
 
 0.00498700002208
 
 0.0124674998224
 
 0.00498700002208
 
 0.00498700002208
 
 0.00748050026596
 
 0.0
 
 0.00498700002208
 
 0.0299220010638
 
 0.0274285003543
 
 0.0324154980481
 
 0.0398960001767
 
 0.0423894971609
 
 0.0149610005319
 
 0.00748049980029
 
 -0.00249350001104
 
 -0.0149609996006
 
 -0.0274285003543
 
 -0.0374024994671
 
 -0.0448830015957
 
 -0.04737649858
 
 -0.0374024994671
 
 -0.0324154980481
 
 -0.0324155017734
 
 -0.0224414989352
 
 -0.0124674998224
 
 -0.00249350001104
 
 0.00997400004417
 
 0.00997400004417
 
 0.0124674998224
 
 0.00997400004417
 
 0.0149609996006
 
 0.0124674998224
 
 0.00249350001104
 
 0.0
 
 0.0
 
 -0.00498700002208
 
 -0.00498700002208
 
 -0.00498700002208
 
 -0.00249350001104
 
 0.0
 
 0.0
 
 0.0
 
 -0.00249350001104
 
 0.0
 
 0.00249350001104
 
 0.00249350001104
 
 0.00249350001104
 
 0.0
 
 -0.00249350001104
 
 0.0
 
 0.0
 
 0.0
 
 0.0
 
 0.0
 
 0.0
 
 -0.00249350001104
 
 0.0
 
 0.00249350001104
 
 0.0
 
 0.0
 
 -0.00249350001104
 
 0.0
 
 -0.00249350001104
 
 0.0
 
 0.0
 
 0.0
 
 0.0
 
 0.0
 
 0.0
 
 0.00249350001104
 
 0.0
 
 0.0
 
 0.0
 
 0.0
 
 0.0
 
 0.0
 
 0.0
 
 0.0
 
 0.0
 
 0.0
 
 0.00498700002208
 
 0.00498700002208
 
 0.00748050026596
 
 0.0149610005319
 
 0.0224414989352
 
 0.0349089987576
 
 0.0448830015957
 
 0.04737649858
 
 0.0398960001767
 
 0.0324154980481
 
 0.0149609996006
 
 0.0
 
 -0.00997400004417
 
 -0.0224415007979
 
 -0.0648309960961
 
 -0.0772984996438
 
 -0.09475299716
 
 -0.114701002836
 
 -0.122181504965
 
 -0.124675005674
 
 -0.114701002836
 
 -0.0972464978695
 
 -0.0772984996438
 
 -0.0423895008862
 
 0.00498700002208
 
 0.0398960001767
 
 0.0847790017724
 
 0.137142494321
 
 0.182025492191
 
 0.209453999996
 
 0.226908504963
 
 0.229402005672
 
 0.231895506382
 
 0.231895506382
 
 0.229402005672
 
 0.236882507801
 
 0.24186950922
 
 0.239376008511
 
 0.249349996448
 
 0.266804516315
 
 0.18701249361
 
 0.256830483675
 
 0.249350011349
 
 0.236882507801
 
 0.226908504963
 
 0.216934502125
 
 0.209453999996
 
 0.18950599432
 
 0.177038505673
 
 0.174545004964
 
 0.162077501416
 
 0.149609997869
 
 0.14212949574
 
 0.134648993611
 
 0.129661992192
 
 0.124675005674
 
 0.119688004255
 
 0.114701002836
 
 0.112207502127
 
 0.112207502127
 
 0.109714001417
 
 0.104726999998
 
 0.104726999998
 
 0.102233499289
 
 0.099739998579
 
 0.0847789943218
 
 0.09475299716
 
 0.0922594964504
 
 0.0897659957409
 
 0.09475299716
 
 0.0922594964504
 
 0.09475299716
 
 0.107220500708
 
 0.112207502127
 
 0.119687996805
 
 0.129662007093
 
 0.14212949574
 
 0.147116497159
 
 0.157090499997
 
 0.164571002126
 
 0.169558003545
 
 0.174545004964
 
 0.18701249361
 
 0.182025492191
 
 0.167064487934
 
 0.182025492191
 
 0.152103498578
 
 0.157090499997
 
 0.169557988644
 
 0.18701249361
 
 0.209453999996
 
 0.18950599432
 
 0.196986496449
 
 0.196986496449
 
 0.196986496449
 
 0.196986496449
 
 0.196986496449
 
 0.196986496449
 
 0.194492995739
 
 0.191999495029
 
 0.18950599432
 
 0.184518992901
 
 0.18950599432
 
 0.194492995739
 
 0.196986496449
 
 0.196986496449
 
 0.206960499287
 
 0.209453999996
 
 0.204466998577
 
 0.204466998577
 
 0.206960499287
 
 0.211947500706
 
 0.209453999996
 
 0.214441001415
 
 0.221921503544
 
 0.224415004253
 
 0.229402005672
 
 0.231895506382
 
 0.234389007092
 
 0.271791487932
 
 0.261817514896
 
 0.259324014187
 
 0.264311015606
 
 0.271791487932
 
 0.276778489351
 
 0.28176549077
 
 0.274284988642
 
 0.276778489351
 
 0.269298017025
 
 0.271791487932
 
 0.269298017025
 
 0.271791487932
 
 0.269298017025
 
 0.259323984385
 
 0.259324014187
 
 0.254337012768
 
 0.249350011349
 
 0.254336982965
 
 0.251843482256
 
 0.246856510639
 
 0.249350011349
 
 0.261817514896
 
 0.236882507801
 
 0.236882507801
 
 0.231895506382
 
 0.226908504963
 
 0.226908504963
 
 0.201973497868
 
 0.191999495029
 
 0.18701249361
 
 0.174544990063
 
 0.169558003545
 
 0.169558003545
 
 0.157090499997
 
 0.144622996449
 
 0.13963599503
 
 0.137142509222
 
 0.132155507803
 
 0.129662007093
 
 0.129662007093
 
 0.122181497514
 
 0.124675005674
 
 0.127168506384
 
 0.132155492902
 
 0.127168491483
 
 0.124675005674
 
 0.127168506384
 
 0.124675005674
 
 0.117194503546
 
 0.112207502127
 
 0.114701002836
 
 0.107220500708
 
 0.0972464978695
 
 0.0847790017724
 
 0.0748049989343
 
 0.0598439984024
 
 0.04737649858
 
 0.0274285003543
 
 0.00997400004417
 
 0.0
 
 -0.00498700002208
 
 -0.00997400004417
 
 -0.00997400004417
 
 -0.0149610005319
 
 -0.0199480000883
 
 -0.0249349996448
 
 -0.0274285003543
 
 -0.0249349996448
 
 -0.0274285003543
 
 -0.0299219992012
 
 -0.0224414989352
 
 -0.0174544993788
 
 -0.00997400004417
 
 0.0
 
 0.00748049980029
 
 0.0124674998224
 
 0.0199480000883
 
 0.0149609996006
 
 0.0199480000883
 
 0.0249349996448
 
 0.0199480000883
 
 0.0124674998224
 
 0.0
 
 -0.00498700002208
 
 -0.00997400004417
 
 -0.0124674998224
 
 -0.0149609996006
 
 -0.0199480000883
 
 -0.0299219992012
 
 -0.0299219992012
 
 -0.0274285003543
 
 -0.0249349996448
 
 -0.0224414989352
 
 -0.0199480000883
 
 -0.0199480000883
 
 -0.0149609996006
 
 -0.00997400004417
 
 -0.00748050026596
 
 0.0
 
 0.00249350001104
 
 0.00498700002208
 
 0.00748050026596
 
 0.00748050026596
 
 0.00748050026596
 
 0.00498700002208
 
 0.00249350001104
 
 0.00249350001104
 
 0.00498700002208
 
 0.00997400004417
 
 0.0174544993788
 
 0.0274285003543
 
 0.0324154980481
 
 0.0349089987576
 
 0.0374024994671
 
 0.0324154980481
 
 0.0274285003543
 
 0.00997400004417
 
 0.00498700002208
 
 -0.00249350001104
 
 -0.00748049980029
 
 -0.00997400004417
 
 -0.00997400004417
 
 -0.0124674998224
 
 -0.00997400004417
 
 -0.0124674998224
 
 -0.00997400004417
 
 -0.00748050026596
 
 -0.00498700002208
 
 -0.00249350001104
 
 -0.00249350001104
 
 0.0
 
 0.0
 
 0.00249350001104
 
 0.00249350001104
 
 0.0
 
 0.0
 
 0.0
 
 0.0
 
 0.0
 
 0.0
 
 0.0
 
 0.0
 
 0.0
 
 0.0
 
 0.0
 
 0.0
 
 0.0
 
 0.0
 
 0.0
 
 0.0
 
 0.0
 
 0.0
 
 0.0
 
 0.0
 
 0.00249350001104
 
 0.00997400004417
 
 0.0199480000883
 
 0.0374024994671
 
 0.0648310035467
 
 0.0972464978695
 
 0.124675005674
 
 0.13963599503
 
 0.177038490772
 
 0.214441001415
 
 0.229402005672
 
 0.304206997156
 
 0.274285018444
 
 0.393972992897
 
 0.403946995735
 
 0.521141529083
 
 0.51366096735
 
 0.558544039726
 
 0.583478987217
 
 0.638336002827
 
 0.668258011341
 
 0.67324501276
 
 0.685712516308
 
 0.615894556046
 
 0.715634465218
 
 0.723114967346
 
 0.728101968765
 
 0.740569472313
 
 0.750543475151
 
 0.760517477989
 
 0.802906990051
 
 0.805400490761
 
 0.792932987213
 
 0.847790002823
 
 0.907634019852
 
 0.855270504951
 
 0.855270504951
 
 0.86275100708
 
 0.91511452198
 
 0.964984476566
 
 0.984932541847
 
 0.972464978695
 
 0.987426042557
 
 1.02233493328
 
 0.997400045395
 
 1.00737392902
 
 1.02732205391
 
 1.08217895031
 
 1.09713995457
 
 1.0796854496
 
 1.16945147514
 
 1.11708796024
 
 1.03729593754
 
 1.17942547798
 
 1.14700996876
 
 1.19189298153
 
 1.2367759943
 
 1.2367759943
 
 1.32155501842
 
 1.33152902126
 
 1.30908751488
 
 1.3664380312
 
 1.41132104397
 
 1.3415030241
 
 1.35646402836
 
 1.30908751488
 
 1.30160701275
 
 1.39137303829
 
 1.35397052765
 
 1.3664380312
 
 1.32404851913
 
 1.33402252197
 
 1.33900952339
 
 1.33651602268
 
 1.31906151772
 
 1.32155501842
 
 1.35646402836
 
 1.3963599205
 
 1.36893153191
 
 1.41132104397
 
 1.39885354042
 
 1.52352845669
 
 1.37391853333
 
 1.39636003971
 
 1.35895752907
 
 1.39137303829
 
 1.37890553474
 
 1.40384054184
 
 1.36893153191
 
 1.34898352623
 
 1.38638603687
 
 1.35895752907
 
 1.36145102978
 
 1.36145102978
 
