spd = [
  -0.00


  0.01


  -0.00


  -0.00


  0.01


  -0.00


  -0.00


  0.01


  -0.02


  -0.02


  -0.00


  -0.01


  -0.00


  -0.00


  -0.00


  0.01


  0.01


  -0.00


  0.01


  0.02


  0.01


  0.01


  0.01


  0.01


  -0.00


  -0.00


  -0.00


  -0.00


  -0.00


  -0.00


  -0.00


  -0.00


  -0.00


  -0.00


  -0.00


  -0.00


  -0.00


  -0.00


  -0.00


  -0.00


  -0.00


  -0.00


  -0.00


  -0.00


  -0.00


  -0.00


  -0.00


  -0.00


  -0.00


  -0.00


  -0.00


  -0.00


  -0.00


  -0.00


  -0.00


  -0.00


  -0.00


  -0.00


  -0.00


  -0.00


  -0.00


  -0.00


  -0.00


  -0.00


  -0.00


  -0.00


  -0.00


  -0.00


  -0.00


  -0.00


  -0.00


  -0.00


  -0.00


  -0.00


  -0.00


  -0.00


  -0.00


  -0.00


  -0.00


  -0.00


  -0.00


  -0.00


  -0.00


  -0.00


  -0.00


  -0.00


  -0.00


  -0.00


  -0.00


  -0.00


  -0.00


  -0.00


  -0.00


  -0.00


  -0.00


  -0.00


  -0.00


  -0.00


  -0.00


  -0.00


  -0.00


  -0.00


  -0.00


  -0.00


  -0.00


  -0.00


  -0.00


  -0.00


  -0.00


  -0.00


  -0.00


  -0.00


  -0.00


  -0.00


  -0.00


  -0.00


  -0.00


  -0.00


  -0.00


  -0.00


  0.19


  5.26


  14.24


  24.85


  35.74


  46.78


  56.90


  67.89


  78.97


  90.08


  100.21


  106.03


  108.01


  108.38


  108.48


  107.51


  108.28


  108.26


  108.14


  108.02


  108.68


  108.74


  107.86


  107.77


  107.76


  108.56


  108.67


  108.72


  108.76


  107.79


  107.69


  107.76


  108.61


  108.68


  108.64


  108.77


  107.75


  107.70


  107.67


  108.54


  108.65


  108.60


  108.63


  107.64


  107.59


  107.57


  108.47


  108.50


  108.53


  108.50


  107.56


  107.43


  107.46


  108.39


  108.42


  108.46


  109.21


  109.33


  110.85


  113.11


  116.76


  120.42


  124.46


  129.08


  132.72


  137.87


  143.06


  148.99


  154.02


  158.77


  161.79


  165.46


  168.69


  171.65


  175.35


  177.26


  178.16


  177.14


  176.43


  174.95


  174.29


  171.33


  167.77


  163.35


  157.39


  151.97


  146.17


  141.28


  134.51


  127.56


  120.41


  113.10


  106.35


  99.70


  94.76


  89.06


  83.32


  78.87


  75.29


  71.83


  68.30


  66.20


  64.12


  62.57


  60.60


  59.84


  60.33


  59.84


  60.06


  61.14


  63.20


  64.44


  66.77


  69.67


  73.24


  75.64


  78.75


  83.08


  86.61


  91.13


  95.96


  101.80


  105.80


  110.64


  115.95


  122.36


  127.85


  133.16


  139.25


  142.95


  147.63


  152.16


  157.83


  162.17


  166.05


  169.47


  170.99


  173.07


  174.57


  176.78


  176.92


  176.24


  173.26


  171.00


  167.84


  163.74


  160.57


  155.66


  149.19


  143.02


  136.37


  129.30


  123.58


  116.80


  109.91


  103.15


  96.30


  90.53


  86.05


  81.51


  77.02


  73.31


  70.03


  66.98


  64.24


  62.53


  61.69


  60.00


  59.37


  59.19


  59.93


  60.19


  61.50


  63.14


  65.60


  67.60


  70.43


  74.01


  76.47


  80.10


  83.14


  83.29


  79.70


  74.58


  68.12


  61.01


  52.90


  44.74


  36.34


  26.96


  17.57


  11.29


  8.07


  5.96


  4.71


  4.07


  3.49


  2.55


  2.28


  1.44


  1.13


  1.06


  0.69


  0.46


  0.32


  0.24


  0.19


  0.16


  0.13


  0.12


  0.09


  0.08
];

dac = [   1000.0
 
   1000.0
 
   1000.0
 
   1000.0
 
   1000.0
 
   1000.0
 
   1000.0
 
   1000.0
 
   1000.0
 
   1000.0
 
   1000.0
 
   1000.0
 
   1000.0
 
   1000.0
 
   1000.0
 
   1000.0
 
   1000.0
 
   1000.0
 
   1000.0
 
   1000.0
 
   1000.0
 
   1000.0
 
   1000.0
 
   1000.0
 
   1000.0
 
   1000.0
 
   1000.0
 
   1000.0
 
   1000.0
 
   1000.0
 
   1000.0
 
   1000.0
 
   1000.0
 
   1000.0
 
   1000.0
 
   1000.0
 
   1000.0
 
   1000.0
 
   1000.0
 
   1000.0
 
   1000.0
 
   1000.0
 
   1000.0
 
   1000.0
 
   1000.0
 
   1000.0
 
   1000.0
 
   1000.0
 
   1000.0
 
   1000.0
 
   1000.0
 
   1000.0
 
   1000.0
 
   1000.0
 
   1000.0
 
   1000.0
 
   1000.0
 
   1000.0
 
   1000.0
 
   1000.0
 
   1000.0
 
   1000.0
 
   1000.0
 
   1000.0
 
   1000.0
 
   1000.0
 
   1000.0
 
   1000.0
 
   1000.0
 
   1000.0
 
   1000.0
 
   1000.0
 
   1000.0
 
   1000.0
 
   1000.0
 
   1000.0
 
   1000.0
 
   1000.0
 
   1000.0
 
   1000.0
 
   1000.0
 
   1000.0
 
   1000.0
 
   1000.0
 
   1000.0
 
   1000.0
 
   1000.0
 
   1000.0
 
   1000.0
 
   1000.0
 
   1000.0
 
   1000.0
 
   1000.0
 
   1000.0
 
   1000.0
 
   1000.0
 
   1000.0
 
   1000.0
 
   1000.0
 
   1000.0
 
   1000.0
 
   1000.0
 
   1000.0
 
   1000.0
 
   1000.0
 
   1000.0
 
   1000.0
 
   1000.0
 
   1000.0
 
   1000.0
 
   1000.0
 
   1000.0
 
   1000.0
 
   1000.0
 
   1000.0
 
   1000.0
 
   1000.0
 
   1000.0
 
   1000.0
 
   1000.0
 
   1000.0
 
   1000.0
 
   1000.0
 
   1000.0
 
   1000.0
 
   1000.0
 
   1000.0
 
   1000.0
 
   1000.0
 
   1000.0
 
   1000.0
 
   1000.0
 
   1000.0
 
   1000.0
 
   1000.0
 
   1000.0
 
   1000.0
 
   1000.0
 
   1000.0
 
   1000.0
 
   1000.0
 
   1000.0
 
   1000.0
 
   1000.0
 
   1000.0
 
   1000.0
 
   1000.0
 
   1000.0
 
   1000.0
 
   1000.0
 
   1000.0
 
   1000.0
 
   1000.0
 
   1000.0
 
   1000.0
 
   1000.0
 
   1000.0
 
   1000.0
 
   1000.0
 
   1000.0
 
   1000.0
 
   1000.0
 
   1000.0
 
   1000.0
 
   1000.0
 
   1000.0
 
   1000.0
 
   1000.0
 
   1000.0
 
   1000.0
 
   1000.0
 
   1000.0
 
   1000.0
 
   1000.0
 
   1000.0
 
   1000.0
 
   1000.0
 
   1000.0
 
   1000.0
 
   1000.0
 
   1000.0
 
   1000.0
 
   1000.0
 
   1000.0
 
   1000.0
 
   1000.0
 
   1000.0
 
   1000.0
 
   1000.0
 
   1000.0
 
   1000.0
 
   1000.0
 
   1000.0
 
   1000.0
 
   1000.0
 
   1000.0
 
   1000.0
 
   1000.0
 
   1000.0
 
   1000.0
 
   1000.0
 
   1000.0
 
   1000.0
 
   1000.0
 
   1000.0
 
   1000.0
 
   1000.0
 
   1000.0
 
   1000.0
 
   1000.0
 
   1000.0
 
   1000.0
 
   1000.0
 
   1000.0
 
   1000.0
 
   1000.0
 
   1000.0
 
   1000.0
 
   1000.0
 
   1000.0
 
   1000.0
 
   1000.0
 
   1000.0
 
   1000.0
 
   1000.0
 
   1000.0
 
   1000.0
 
   1000.0
 
   1000.0
 
   1000.0
 
   1000.0
 
   1000.0
 
   1000.0
 
   1000.0
 
   1000.0
 
   1000.0
 
   1000.0
 
   1000.0
 
   1000.0
 
   1000.0
 
   1000.0
 
   1000.0
 
   1000.0
 
   1000.0
 
   1000.0
 
   1000.0
 
   1000.0
 
   1000.0
 
   1000.0
 
   1000.0
 
   1000.0
 
   1000.0
 
   1000.0
 
   1000.0
 
   1000.0
 
   1000.0
 
   1000.0
 
   1000.0
 
   1000.0
 
   1000.0
 
   1000.0
 
   1000.0
 
   1000.0
 
   1000.0
 
   1000.0
 
   1000.0
 
   1000.0
 
   1000.0
 
   1000.0
 
   1000.0
 
   1000.0
 
   1000.0
 
   1000.0
 
   1000.0
 
   1000.0
 
   1000.0
 
   1000.0
 
   1000.0
 
   1000.0
 
   1000.0
 
   1000.0
 
   1000.0
 
   1000.0
 
   1000.0
 
   1000.0
 
   1000.0
 
   1000.0
 
   1000.0
 
   1000.0
 
   1000.0
 
   1000.0
 
   1000.0
 
   1000.0
 
   1000.0
 
   1000.0
 
   1000.0
 
   1000.0
 
   1000.0
 
   1000.0
 
   1000.0
 
   1000.0
 
   1000.0
 
   1000.0
 
   1000.0
 
   1000.0
 
   1000.0
 
   1000.0
 
   1000.0
 
   1000.0
 
   1000.0
 
   1000.0
 
   1000.0
 
   1000.0
 
   1000.0
 
   1000.0
 
   1000.0
 
   1000.0
 
   1000.0
 
   1000.0
 
   1000.0
 
   1000.0
 
   1000.0
 
   1000.0
 
   1000.0
 
   1000.0
 
   1000.0
 
   1000.0
 
   1000.0
 
   1000.0
 
   1000.0
 
   1000.0
 
   1000.0
 
   1000.0
 
   1000.0
 
   1000.0
 
   1000.0
 
   1000.0
 
   1000.0
 
   1000.0
 
   1000.0
 
   1000.0
 
   1000.0
 
   1000.0
 
   1000.0
 
   1000.0
 
   1000.0
 
   1000.0
 
   1000.0
 
   1000.0
 
   1000.0
 
   1000.0
 
   1000.0
 
   1000.0
 
   1000.0
 
   1000.0
 
   1000.0
 
   1000.0
 
   1000.0
 
   1000.0
 
   1000.0
 
   1000.0
 
   1000.0
 
   1000.0
 
   1000.0
 
   1000.0
 
   1000.0
 
   1000.0
 
   1000.0
 
   1000.0
 
   1000.0
 
   1750.0
 
   1750.0
 
   1750.0
 
   1750.0
 
   1750.0
 
   1750.0
 
   1750.0
 
   1750.0
 
   1750.0
 
   1750.0
 
   1750.0
 
