spd = [
 -0.00


 -0.00


 -0.01


 -0.01


 -0.01


 -0.01


 -0.01


 -0.01


 -0.01


 -0.01


 -0.01


 -0.01


 -0.00


 -0.00


 -0.00


 -0.00


 -0.00


 -0.00


 -0.00


 -0.00


 0.02


 -0.00


 -0.00


 0.02


 0.01


 -0.00


 0.01


 0.01


 -0.00


 -0.00


 -0.02


 -0.00


 -0.00


 -0.02


 -0.01


 -0.00


 -0.01


 -0.01


 -0.00


 -0.00


 -0.00


 -0.00


 -0.00


 -0.00


 -0.00


 -0.00


 -0.00


 -0.00


 -0.00


 -0.00


 -0.00


 -0.00


 -0.00


 -0.00


 -0.00


 -0.00


 -0.00


 -0.00


 -0.00


 -0.00


 -0.00


 -0.00


 -0.00


 -0.00


 -0.00


 -0.00


 -0.00


 -0.00


 -0.00


 -0.00


 -0.00


 -0.00


 -0.00


 -0.00


 -0.00


 -0.00


 -0.00


 -0.00


 -0.00


 -0.00


 -0.00


 -0.00


 -0.00


 -0.00


 -0.00


 -0.00


 -0.00


 -0.00


 -0.00


 -0.00


 -0.00


 -0.00


 -0.00


 -0.00


 -0.00


 -0.00


 -0.00


 -0.00


 -0.00


 -0.00


 -0.00


 -0.00


 -0.00


 -0.00


 -0.00


 -0.00


 -0.00


 -0.00


 -0.00


 -0.00


 -0.00


 -0.00


 -0.00


 -0.00


 -0.00


 -0.00


 -0.00


 -0.00


 -0.00


 -0.00


 -0.00


 -0.00


 -0.00


 -0.00


 2.34


 11.41


 21.91


 32.78


 42.97


 53.94


 65.02


 75.23


 86.33


 97.37


 106.15


 108.03


 107.62


 107.80


 108.55


 108.57


 108.46


 109.25


 108.30


 108.16


 108.03


 107.98


 108.88


 108.83


 108.85


 107.91


 107.84


 107.84


 108.55


 108.59


 108.63


 108.73


 107.79


 107.66


 107.69


 108.53


 108.61


 108.54


 108.64


 107.74


 107.60


 107.52


 108.34


 108.47


 108.46


 108.52


 107.53


 107.48


 107.45


 108.27


 108.31


 108.35


 108.44


 107.51


 107.38


 107.38


 108.36


 108.56


 108.95


 109.85


 109.98


 111.09


 112.45


 114.67


 116.29


 117.86


 119.40


 119.86


 121.09


 121.95


 123.38


 123.97


 124.25


 124.57


 123.61


 123.55


 123.55


 124.43


 124.33


 124.07


 123.58


 121.76


 120.75


 119.59


 119.18


 117.68


 116.07


 114.56


 111.87


 109.55


 107.65


 106.84


 105.05


 103.21


 101.58


 99.24


 97.81


 96.47


 96.21


 94.99


 94.26


 93.71


 93.49


 92.63


 92.52


 93.33


 92.56


 92.52


 92.58


 93.44


 93.00


 93.34


 93.77


 95.10


 95.39


 96.56


 98.72


 100.15


 100.54


 101.85


 104.18


 105.90


 107.53


 109.42


 110.97


 112.56


 114.03


 115.34


 117.82


 119.31


 120.54


 120.47


 121.27


 121.82


 123.04


 123.29


 123.47


 123.70


 122.69


 122.52


 122.42


 123.14


 122.86


 122.50


 121.90


 119.86


 118.42


 116.93


 116.37


 114.90


 113.25


 111.72


 109.19


 107.00


 104.94


 103.98


 102.39


 100.89


 99.49


 97.34


 95.97


 94.76


 94.65


 93.45


 93.10


 93.14


 92.29


 92.26


 92.29


 93.10


 92.39


 92.39


 92.51


 93.52


 93.13


 93.45


 95.17


 96.40


 96.97


 97.48


 95.81


 90.75


 84.23


 76.46


 68.74


 59.64


 49.74


 39.31


 29.52


 19.83


 13.11


 9.01


 6.16


 4.40


 3.34


 2.88


 2.74


 2.80


 2.82


 2.79


 2.74


 2.72


 2.73


 2.73


 2.83


 2.91


 2.88


 2.83


 2.78


 2.76


 2.81


 2.90


 2.96


 2.98


 2.91


 2.82


 2.77


 2.79


 2.90


 2.94


 2.95


 2.87


 2.75


 2.72
];
dac = [   1000.0
 
   1000.0
 
   1000.0
 
   1000.0
 
   1000.0
 
   1000.0
 
   1000.0
 
   1000.0
 
   1000.0
 
   1000.0
 
   1000.0
 
   1000.0
 
   1000.0
 
   1000.0
 
   1000.0
 
   1000.0
 
   1000.0
 
   1000.0
 
   1000.0
 
   1000.0
 
   1000.0
 
   1000.0
 
   1000.0
 
   1000.0
 
   1000.0
 
   1000.0
 
   1000.0
 
   1000.0
 
   1000.0
 
   1000.0
 
   1000.0
 
   1000.0
 
   1000.0
 
   1000.0
 
   1000.0
 
   1000.0
 
   1000.0
 
   1000.0
 
   1000.0
 
   1000.0
 
   1000.0
 
   1000.0
 
   1000.0
 
   1000.0
 
   1000.0
 
   1000.0
 
   1000.0
 
   1000.0
 
   1000.0
 
   1000.0
 
   1000.0
 
   1000.0
 
   1000.0
 
   1000.0
 
   1000.0
 
   1000.0
 
   1000.0
 
   1000.0
 
   1000.0
 
   1000.0
 
   1000.0
 
   1000.0
 
   1000.0
 
   1000.0
 
   1000.0
 
   1000.0
 
   1000.0
 
   1000.0
 
   1000.0
 
   1000.0
 
   1000.0
 
   1000.0
 
   1000.0
 
   1000.0
 
   1000.0
 
   1000.0
 
   1000.0
 
   1000.0
 
   1000.0
 
   1000.0
 
   1000.0
 
   1000.0
 
   1000.0
 
   1000.0
 
   1000.0
 
   1000.0
 
   1000.0
 
   1000.0
 
   1000.0
 
   1000.0
 
   1000.0
 
   1000.0
 
   1000.0
 
   1000.0
 
   1000.0
 
   1000.0
 
   1000.0
 
   1000.0
 
   1000.0
 
   1000.0
 
   1000.0
 
   1000.0
 
   1000.0
 
   1000.0
 
   1000.0
 
   1000.0
 
   1000.0
 
   1000.0
 
   1000.0
 
   1000.0
 
   1000.0
 
   1000.0
 
   1000.0
 
   1000.0
 
   1000.0
 
   1000.0
 
   1000.0
 
   1000.0
 
   1000.0
 
   1000.0
 
   1000.0
 
   1000.0
 
   1000.0
 
   1000.0
 
   1000.0
 
   1000.0
 
   1000.0
 
   1000.0
 
   1000.0
 
   1000.0
 
   1000.0
 
   1000.0
 
   1000.0
 
   1000.0
 
   1000.0
 
   1000.0
 
   1000.0
 
   1000.0
 
   1000.0
 
   1000.0
 
   1000.0
 
   1000.0
 
   1000.0
 
   1000.0
 
   1000.0
 
   1000.0
 
   1000.0
 
   1000.0
 
   1000.0
 
   1000.0
 
   1000.0
 
   1000.0
 
   1000.0
 
   1000.0
 
   1000.0
 
   1000.0
 
   1000.0
 
   1000.0
 
   1000.0
 
   1000.0
 
   1000.0
 
   1000.0
 
   1000.0
 
   1000.0
 
   1000.0
 
   1000.0
 
   1000.0
 
   1000.0
 
   1000.0
 
   1000.0
 
   1000.0
 
   1000.0
 
   1000.0
 
   1000.0
 
   1000.0
 
   1000.0
 
   1000.0
 
   1000.0
 
   1000.0
 
   1000.0
 
   1000.0
 
   1000.0
 
   1000.0
 
   1000.0
 
   1000.0
 
   1000.0
 
   1000.0
 
   1000.0
 
   1000.0
 
   1000.0
 
   1000.0
 
   1000.0
 
   1000.0
 
   1000.0
 
   1000.0
 
   1000.0
 
   1000.0
 
   1000.0
 
   1000.0
 
   1000.0
 
   1000.0
 
   1000.0
 
   1000.0
 
   1000.0
 
   1000.0
 
   1000.0
 
   1000.0
 
   1000.0
 
   1000.0
 
   1000.0
 
   1000.0
 
   1000.0
 
   1000.0
 
   1000.0
 
   1000.0
 
   1000.0
 
   1000.0
 
   1000.0
 
   1000.0
 
   1000.0
 
   1000.0
 
   1000.0
 
   1000.0
 
   1000.0
 
   1000.0
 
   1000.0
 
   1000.0
 
   1000.0
 
   1000.0
 
   1000.0
 
   1000.0
 
   1000.0
 
   1000.0
 
   1000.0
 
   1000.0
 
   1000.0
 
   1000.0
 
   1000.0
 
   1000.0
 
   1000.0
 
   1000.0
 
   1000.0
 
   1000.0
 
   1000.0
 
   1000.0
 
   1000.0
 
   1000.0
 
   1000.0
 
   1000.0
 
   1000.0
 
   1000.0
 
   1000.0
 
   1000.0
 
   1000.0
 
   1000.0
 
   1000.0
 
   1000.0
 
   1000.0
 
   1000.0
 
   1000.0
 
   1000.0
 
   1000.0
 
   1000.0
 
   1000.0
 
   1000.0
 
   1000.0
 
   1000.0
 
   1000.0
 
   1000.0
 
   1000.0
 
   1000.0
 
   1000.0
 
   1000.0
 
   1000.0
 
   1000.0
 
   1000.0
 
   1000.0
 
   1000.0
 
   1000.0
 
   1000.0
 
   1000.0
 
   1000.0
 
   1000.0
 
   1000.0
 
   1000.0
 
   1000.0
 
   1000.0
 
   1000.0
 
   1000.0
 
   1000.0
 
   1000.0
 
   1000.0
 
   1000.0
 
   1000.0
 
   1000.0
 
   1000.0
 
   1000.0
 
   1000.0
 
   1000.0
 
   1000.0
 
   1000.0
 
   1000.0
 
   1000.0
 
   1000.0
 
   1000.0
 
   1000.0
 
   1000.0
 
   1000.0
 
   1000.0
 
   1000.0
 
   1000.0
 
   1000.0
 
   1000.0
 
   1000.0
 
   1000.0
 
   1000.0
 
   1000.0
 
   1000.0
 
   1000.0
 
   1000.0
 
   1000.0
 
   1000.0
 
   1000.0
 
   1000.0
 
   1000.0
 
   1000.0
 
   1000.0
 
   1000.0
 
   1000.0
 
   1000.0
 
   1000.0
 
   1000.0
 
   1000.0
 
   1000.0
 
   1000.0
 
   1000.0
 
   1000.0
 
   1000.0
 
   1000.0
 
   1000.0
 
   1000.0
 
   1000.0
 
   1000.0
 
   1000.0
 
   1000.0
 
   1000.0
 
   1000.0
 
   1000.0
 
   1000.0
 
   1000.0
 
   1000.0
 
   1000.0
 
   1000.0
 
   1000.0
 
   1000.0
 
   1000.0
 
   1000.0
 
   1000.0
 
   1000.0
 
   1000.0
 
   1000.0
 
   1000.0
 
   1000.0
 
   1000.0
 
   1000.0
 
   1000.0
 
   1000.0
 
   1000.0
 
   1000.0
 
   1000.0
 
   1000.0
 
   1000.0
 
   1000.0
 
   1000.0
 
   1000.0
 
   1000.0
 
   1000.0
 
   1000.0
 
   1000.0
 
   1750.0
 
   1750.0
 
   1750.0
 
   1750.0
 
   1750.0
 
   1750.0
 
   1750.0
 
   1750.0
 
   1750.0
 
   1750.0
 
   1750.0
 
   1750.0
 
   1750.0
 
   1750.0
 
   1750.0
 
   1750.0
 
   1750.0
 
   1750.0
 
