%% Va

va = [0.0

0.0

0.0

0.0

0.0

0.0

0.0

0.0

0.0

0.0

0.0

0.0

0.0

0.0

0.0

0.0

0.0

0.0

0.0

0.0

0.0

0.0

0.0

0.0

0.0

0.0

0.0

0.0

-0.00249350001104

0.0

0.0

0.0

0.0

0.0

0.0

0.0

0.0

0.0

0.0

0.0

0.0

0.0

0.0

-0.00249350001104

0.0

0.0

0.0

0.0

0.0

0.0

0.0

0.0

0.0

0.0

0.0

0.0

0.0

0.0

0.0

0.0

0.0

0.0

0.0

0.0

0.0

0.0

0.0

0.0

0.0

0.0

0.0

0.0

0.0

0.0

0.0

0.0

0.0

0.0

0.0

0.0

0.0

0.0

0.0

0.0

0.0

0.0

0.0

0.0

0.0

0.0

0.0

0.0

0.0

0.0

0.0

0.0

0.0

0.0

-0.00249350001104

0.00249350001104

0.00249350001104

0.00249350001104

0.0124674998224

0.0374024994671

0.04737649858

0.0598439984024

0.0723114982247

0.0772984996438

0.0822855010629

0.0872725024819

0.0897659957409

0.0922594964504

0.09475299716

0.0972464978695

0.0972464978695

0.104726999998

0.109714001417

0.117194503546

0.117194503546

0.129662007093

0.132155507803

0.124674998224

0.122181497514

0.117194503546

0.107220500708

0.0922594964504

0.0822855010629

0.0673245042562

0.0548570007086

0.0423895008862

0.0349089987576

0.0249349996448

0.0149609996006

0.0124674998224

0.00748050026596

0.0

-0.00249350001104

-0.00249350001104

-0.00249350001104

0.0

0.0

0.0

0.0

-0.00498700002208

-0.00249350001104

-0.00748050026596

-0.00748050026596

-0.00748050026596

-0.00997400004417

-0.00748050026596

-0.00997400004417

-0.00498700002208

-0.00748050026596

-0.00249350001104

0.0

0.0

0.0

0.0

0.0

0.0

0.0

0.0

0.0

0.0

0.0

0.0

0.0

0.0

0.0

0.0

0.0

0.0

0.0

0.0

0.0

0.0

0.0

0.0

0.0

0.0

0.0

0.0

0.0

0.0

0.0

-0.00249350001104

0.0

0.0

0.00249350001104

0.0

-0.00249350001104

0.00249350001104

0.00249350001104

0.00249350001104

0.00249350001104

0.0

-0.00249350001104

-0.00249350001104

-0.00249350001104

-0.00249350001104

-0.00249350001104

-0.00249350001104

-0.00249350001104

-0.00498700002208

0.0

0.0

0.00249350001104

0.00249350001104

0.0

0.0

0.0

0.0

0.0

0.0

0.0

0.0

0.0

0.0

0.0

0.0

0.0

0.0

0.0

0.0

0.0

0.0

0.0

0.0

0.0

0.0

0.0

0.0

0.0

0.0

0.0

0.0

0.0

0.0

0.0

0.0

0.0

0.0

0.0

0.0

0.0

0.0

0.0

0.0

0.0

0.0

0.0

0.0

0.0

0.0

0.0

0.0

0.0

0.0

0.0

0.0

0.0

0.0

0.0

0.0

0.0

0.0

0.0

0.0

0.0

0.0

0.0

0.0

0.0

0.0

0.0

0.0

0.0

0.0

0.0

0.0

0.0

0.0

0.0

0.0

0.0

0.0

0.0

0.0

0.0

0.0

0.0

0.0

0.00249350001104

0.0

0.0

0.00249350001104

0.0

0.0

0.0

0.0

0.0

0.0

0.0

0.0

0.0

0.0

0.0

0.0

0.0

0.0

0.0

0.0

0.0

0.0

0.0

0.0

0.00249350001104

0.0

0.0

0.0

0.0

0.0

0.0

0.0

0.0

0.0

0.0

0.0

0.0

0.0

0.0

0.0

0.00249350001104

0.0

0.0

0.0

0.0

0.0

0.0

0.0

0.0

0.0

0.0

0.0

0.0

0.0

0.0

0.0

0.0

0.0

0.0

0.0

0.0

0.0

0.0

0.0

0.0

0.0

0.0

0.0

0.0

0.0

0.0

0.0

0.0

0.0

0.0

0.0

0.00249350001104

0.0

0.00249350001104

0.0124674998224

0.0249349996448

0.0448830015957

0.0374024994671

0.0673245042562

0.0872725024819

0.0772984996438

0.109714001417

0.114701002836

0.157090499997

0.162077501416

0.177038505673

0.214441001415

0.229402005672

0.239376008511

0.256830513477

0.289245992899

0.299219995737

0.316674500704

0.344103008509

0.356570512056

0.37901198864

0.413920998573

0.443843007088

0.446336507797

0.438856005669

0.443843007088

0.458804011345

0.471271514893

0.473765015602

0.418907999992

0.501193523407

0.51116746664

0.551063537598

0.543582975864

0.533609032631

0.558543980122

0.585972487926

0.593452990055

0.605920493603

0.603426992893

0.625868499279

0.665764510632

0.625868499279

0.658284008503

0.663271009922

0.67324501276

0.680725514889

0.708153963089

0.683218955994

0.728101968765

0.75802397728

0.777971982956

0.777971982956

0.797919988632

0.780465483665

0.805400490761

0.797919988632

0.81038749218

0.820361495018

0.817867994308

0.820361495018

0.830335497856

0.80789399147

0.832828998566

0.837815999985

0.840309500694

0.840309500694

0.827841997147

0.91511452198

0.882699012756

0.835322499275

0.892673015594

0.86524450779

0.890179514885

0.947530031204

0.870231509209

0.897660017014

0.855270504951

0.860257506371

0.885192513466

0.857764005661

0.860257506371

0.897660017014

0.937556028366

0.902647018433

0.922595024109

0.955010533333

0.900153517723

0.925088524818

0.895166516304

0.890179514885

0.91511452198

0.890179514885

0.872725009918

0.840309500694

0.870231509209

0.882699012756

0.900153517723

0.890179514885

0.897660017014

0.867738008499

0.885192513466

0.882699012756

0.867738008499

0.897660017014

0.870231509209

0.86524450779

0.91511452198

0.870231509209

0.897660017014

0.885192513466

0.91511452198

0.902647018433

0.922595024109

0.905140519142

0.91511452198

0.905140519142

0.91760802269

0.907634019852

0.897660017014

0.875218510628

0.910127520561

0.870231509209

0.877712011337

0.890179514885

0.957504034042

0.942543029785

0.902647018433

0.910127520561

0.910127520561

0.905140519142

0.952517032623

0.91760802269

0.927582025528

0.912621021271

0.927582025528

0.930075526237

0.885192513466

0.947530031204

0.979945540428

0.9724650383

0.945036530495

0.957504034042

0.962491035461

0.964984536171

0.922595024109

0.942543029785

0.962491035461

0.942543029785

0.942543029785

0.763010978699

0.91760802269

0.937556028366

0.982439041138

0.957504034042

0.937556028366

0.977451980114

0.942543029785

0.902647018433

1.02981543541

0.964984536171

0.925088524818

0.977452039719

0.987425982952

0.905140519142

0.927582025528

0.982438981533

0.937556028366

0.930075526237

0.91511452198

0.922595024109

0.935062527657

0.910127520561

0.940049529076

0.905140519142

0.910127520561

0.902647018433

0.907634019852

0.902647018433

0.895166516304

0.890179514885

0.974958479404

0.875218510628

0.912621021271

0.870231509209

0.892673015594

0.9475299716

0.890179514885

0.91511452198

0.950023531914

0.947530031204

0.962491035461

0.987426042557

1.04976344109

1.0522569418

1.06472444534

1.1021270752

1.11708807945

1.12207496166

1.17194497585

1.15449047089

1.13703596592

1.17693197727

1.25423049927

1.14202308655

1.19687998295

1.23178899288

1.21433448792

1.26420450211

1.24176299572

1.2367759943

1.27667200565

1.2367759943

1.32654201984

1.37142503262

1.47864556313

1.38887953758

1.35397052765

1.34898352623

1.40633404255

1.41381454468

1.393866539

1.46119105816

1.51106095314

1.44622993469

1.55594396591

1.46867156029

1.56841158867

1.4985935688

1.45121693611

1.42628204823

1.59583997726

1.52103495598

1.62825548649

1.6307489872

1.6307489872

1.63324248791

1.68061900139

1.67313849926

1.77786540985

1.72300839424

1.63573598862

1.67563199997

1.65069699287

1.61329448223

1.66067099571

1.72051501274

1.68061900139

1.74046301842

1.75293052197

1.77786552906

1.69308650494

1.75791752338

1.59833347797

1.735476017

1.73048901558

1.74794352055

1.68809950352

1.73298251629

1.62576198578

1.66316449642

1.75043702126

1.76539802551

1.74046301842

1.74545001984

1.82025504112

1.81028103828

1.8152680397

1.90752744675

1.80030703545

1.83022904396

1.8402030468

1.79781353474

1.73048901558

1.78285253048

1.85267043114

1.87760555744

1.88508605957

1.96737146378

1.82025504112

1.91500806808

1.90752744675

1.98233246803

2.03469610214

1.88009905815

1.88508605957

1.86015105247

1.84519004822

1.90503406525

1.9449300766

1.93994295597

1.99729347229

1.922488451

1.98981308937

1.97983896732

2.12446188927

1.91251444817

2.1319425106

1.96487796307

1.95989108086

1.86264455318

1.97485208511

1.93495607376

2.07209873199

1.99978709221

2.06212449074

2.06711149216

2.17931890488

2.07459211349

2.03469610214

2.22918891907

2.10202050209

1.94742357731

2.11698150635

2.06461787224

2.11448812485

2.11199426651

2.14690351486

2.1593708992

2.24913692474

2.15189027786

2.20924091339

2.14441013336

2.00228047371

2.03220272064

2.1593708992

2.17183828354

2.20674753189

2.24165630341

2.21921491623

2.24165630341

2.28404593468

