%% DAC data

dac=[1000.0

1000.0

1000.0

1000.0

1000.0

1000.0

1000.0

1000.0

1000.0

1000.0

1000.0

1000.0

1000.0

1000.0

1000.0

1000.0

1000.0

1000.0

1000.0

1000.0

1000.0

1000.0

1000.0

1000.0

1000.0

1000.0

1000.0

1000.0

1000.0

1000.0

1000.0

1000.0

1000.0

1000.0

1000.0

1000.0

1000.0

1000.0

1000.0

1000.0

1000.0

1000.0

1000.0

1000.0

1000.0

1000.0

1000.0

1000.0

1000.0

1000.0

1000.0

1000.0

1000.0

1000.0

1000.0

1000.0

1000.0

1000.0

1000.0

1000.0

1000.0

1000.0

1000.0

1000.0

1000.0

1000.0

1000.0

1000.0

1000.0

1000.0

1000.0

1000.0

1000.0

1000.0

1000.0

1000.0

1000.0

1000.0

1000.0

1000.0

1000.0

1000.0

1000.0

1000.0

1000.0

1000.0

1000.0

1000.0

1000.0

1000.0

1000.0

1000.0

1000.0

1000.0

1000.0

1000.0

1000.0

1000.0

1000.0

1000.0

1000.0

1000.0

1000.0

1000.0

1000.0

1000.0

1000.0

1000.0

1000.0

1000.0

1000.0

1000.0

1000.0

1000.0

1000.0

1000.0

1000.0

1000.0

1000.0

1000.0

1000.0

1000.0

1000.0

1000.0

1000.0

1000.0

1000.0

1000.0

1000.0

1000.0

1000.0

1000.0

1000.0

1000.0

1000.0

1000.0

1000.0

1000.0

1000.0

1000.0

1000.0

1000.0

1000.0

1000.0

1000.0

1000.0

1000.0

1000.0

1000.0

1000.0

1000.0

1000.0

1000.0

1000.0

1000.0

1000.0

1000.0

1000.0

1000.0

1000.0

1000.0

1000.0

1000.0

1000.0

1000.0

1000.0

1000.0

1000.0

1000.0

1000.0

1000.0

1000.0

1000.0

1000.0

1000.0

1000.0

1000.0

1000.0

1000.0

1000.0

1000.0

1000.0

1000.0

1000.0

1000.0

1000.0

1000.0

1000.0

1000.0

1000.0

1000.0

1000.0

1000.0

1000.0

1000.0

1000.0

1000.0

1000.0

1000.0

1000.0

1000.0

1000.0

1000.0

1000.0

1000.0

1000.0

1000.0

1000.0

1000.0

1000.0

1000.0

1000.0

1000.0

1000.0

1000.0

1000.0

1000.0

1000.0

1000.0

1000.0

1000.0

1000.0

1000.0

1000.0

1000.0

1000.0

1000.0

1000.0

1000.0

1000.0

1000.0

1000.0

1000.0

1000.0

1000.0

1000.0

1000.0

1000.0

1000.0

1000.0

1000.0

1000.0

1000.0

1000.0

1000.0

1000.0

1000.0

1000.0

1000.0

1000.0

1000.0

1000.0

1000.0

1000.0

1000.0

1000.0

1000.0

1000.0

1000.0

1000.0

1000.0

1000.0

1000.0

1000.0

1000.0

1000.0

1000.0

1000.0

1000.0

1000.0

1000.0

1000.0

1000.0

1000.0

1000.0

1000.0

1000.0

1000.0

1000.0

1000.0

1000.0

1000.0

1000.0

1000.0

1000.0

1000.0

1000.0

1000.0

1000.0

1000.0

1000.0

1000.0

1000.0

1000.0

1000.0

1000.0

1000.0

1000.0

1000.0

1000.0

1000.0

1000.0

1000.0

1000.0

1000.0

1000.0

1000.0

1000.0

1000.0

1000.0

1000.0

1000.0

1000.0

1000.0

1000.0

1000.0

1000.0

1000.0

1000.0

1000.0

1000.0

1000.0

1000.0

1000.0

1000.0

1000.0

1000.0

1000.0

1000.0

1000.0

1000.0

1000.0

1000.0

1000.0

1000.0

1000.0

1000.0

1000.0

1000.0

1000.0

1000.0

1000.0

1000.0

1000.0

1000.0

1000.0

1000.0

1000.0

1000.0

1000.0

1000.0

1000.0

1000.0

1000.0

1000.0

1000.0

1000.0

1000.0

1000.0

1000.0

1000.0

1000.0

1000.0

1000.0

1000.0

1000.0

1000.0

1600.0

1600.0

1600.0

1600.0

1600.0

1600.0

1600.0

1600.0

1600.0

1600.0

1600.0

1600.0

1600.0

1600.0

1600.0

1600.0

1600.0

1600.0

1600.0

1600.0

1600.0

1600.0

1600.0

1600.0

1600.0

1600.0

1600.0

1600.0

1600.0

1600.0

1600.0

1600.0

1600.0

1600.0

1600.0

1600.0

1600.0

1600.0

1600.0

1600.0

1600.0

1600.0

1600.0

1600.0

1600.0

1600.0

1600.0

1600.0

1600.0

1600.0

1600.0

1600.0

1600.0

1600.0

1600.0

1600.0

1600.0

1600.0

1600.0

1600.0

1600.0

1600.0

1600.0

1600.0

1600.0

1600.0

1600.0

1600.0

1600.0

1600.0

1600.0

1600.0

1600.0

1600.0

1600.0

1600.0

1600.0

1600.0

1600.0

1600.0

1600.0

1600.0

1600.0

1600.0

1600.0

1600.0

1600.0

1600.0

1600.0

1600.0

1600.0

1600.0

1600.0

1600.0

1600.0

1600.0

1600.0

1600.0

1600.0

1600.0

1600.0

1600.0

1600.0

1600.0

1600.0

1600.0

1600.0

1600.0

1600.0

1600.0

1600.0

1600.0

1600.0

1600.0

1600.0

1600.0

1600.0

1600.0

1600.0

1600.0

1600.0

1600.0

1600.0

1600.0

1600.0

1600.0

1600.0

1600.0

1600.0

1600.0

1600.0

1600.0

1600.0

1600.0

1600.0

1600.0

1600.0

1600.0

1600.0

1600.0

1600.0

1600.0

1600.0

1600.0

1600.0

1600.0

1600.0

1600.0

1600.0

1600.0

1600.0

1600.0

1600.0

1600.0

1600.0

1600.0

1600.0

1600.0

1600.0

1600.0

1600.0

1600.0

1600.0

1600.0

1600.0

1600.0

1600.0

1600.0

1600.0

1600.0

1600.0

1600.0

1600.0

1600.0

1600.0

1600.0

1600.0

1600.0

1600.0

1600.0

1600.0

1600.0

1600.0

1600.0

1600.0

1600.0

1600.0

1600.0

1600.0

1600.0

1600.0

1600.0

1600.0

1600.0

1600.0

1600.0

1600.0

1600.0

1600.0

1600.0

1800.0

1800.0

1800.0

1800.0

1800.0

1800.0

1800.0

1800.0

1800.0

1800.0

1800.0

1800.0

1800.0

1800.0

1800.0

1800.0

1800.0

1800.0

1800.0

1800.0

1800.0

1800.0

1800.0

1800.0

1800.0

1800.0

1800.0

1800.0

1800.0

1800.0

1800.0

1800.0

1800.0

1800.0

1800.0

1800.0

1800.0

1800.0

1800.0

1800.0

1800.0

1800.0

1800.0

1800.0

1800.0

1800.0

1800.0

1800.0

1800.0

1800.0

1800.0

1800.0

1800.0

1800.0

1800.0

1800.0

1800.0

1800.0

1800.0

1800.0

1800.0

1800.0

1800.0

1800.0

1800.0

1800.0

1800.0

1800.0

1800.0

1800.0

1800.0

1800.0

1800.0

1800.0

1800.0

1800.0

1800.0

1800.0

1800.0

1800.0

1800.0

1800.0

1800.0

1800.0

1800.0

1800.0

1800.0

1800.0

1800.0

1800.0

1800.0

1800.0

1800.0

1800.0

1800.0

1800.0

1800.0

1800.0

1800.0

1800.0

1800.0

1800.0

1800.0

1800.0

1800.0

1800.0

1800.0

1800.0

1800.0

1800.0

1800.0

1800.0

1800.0

1800.0

1800.0

1800.0

1800.0

1800.0

1800.0

1800.0

1800.0

1800.0

1800.0

1800.0

1800.0

1800.0

1800.0

1800.0

1800.0

1800.0

1800.0

1800.0

1800.0

1800.0

1800.0

1800.0

1800.0

1800.0

1800.0

1800.0

1800.0

1800.0

1800.0

1800.0

1800.0

1800.0

1800.0

1800.0

1800.0

1800.0

1800.0

1800.0

1800.0

1800.0

1800.0

1800.0

1800.0

1800.0

1800.0

1800.0

1800.0

1800.0

1800.0

1800.0

1800.0

1800.0

1800.0

1800.0

1800.0

1800.0

1800.0

1800.0

1800.0

1800.0

1800.0

1800.0

1800.0

1800.0

1800.0

1800.0

1800.0

1800.0

1800.0

1800.0

1800.0

1800.0

1800.0

1800.0

1800.0

1800.0

1800.0

1800.0

1800.0

1800.0

1800.0

1800.0

1800.0

1800.0

1800.0

1800.0

1800.0

1800.0

1800.0

1800.0

1800.0

1800.0

1800.0

1800.0

1800.0

1800.0

1800.0

1800.0

1800.0

1800.0

1800.0

1800.0

1800.0

1800.0

1800.0

1800.0

1800.0

1800.0

1800.0

1800.0

1800.0

1800.0

1800.0

1800.0

1800.0

1800.0

1800.0

1800.0

1800.0

1800.0

1800.0

1800.0

1800.0

1800.0

1800.0

1800.0

1800.0

1800.0

1800.0

1800.0

1800.0

1800.0

1800.0

1800.0

1800.0

1800.0

1800.0

1800.0

1800.0

1800.0

1800.0

1800.0

1800.0

1800.0

1800.0

1800.0

1800.0

1800.0

1800.0

1800.0

1800.0

1800.0

1800.0

1800.0

1800.0

1800.0

1800.0

1800.0

1800.0

1800.0

1800.0

1800.0

1800.0

1800.0

1800.0

1800.0

1800.0

1800.0

1800.0

1800.0

1800.0

1800.0

1800.0

1800.0

1800.0

1800.0

1800.0

1800.0

1800.0

1800.0

1800.0

1800.0

1800.0

1800.0

1800.0

1800.0

1000.0

1000.0

1000.0

1000.0

1000.0

1000.0

1000.0

1000.0

1000.0

1000.0

1000.0

1000.0

1000.0

1000.0

1000.0

1000.0

1000.0

1000.0

1000.0

1000.0

1000.0

1000.0

1000.0

1000.0

1000.0

1000.0

1000.0

1000.0

1000.0

1000.0

1000.0

1000.0

1000.0

1000.0

1000.0

1000.0

1000.0

1000.0

1000.0

1000.0

1000.0

1000.0

1000.0

1000.0

1000.0

1000.0

1000.0

1000.0

1000.0

1000.0

1000.0

1000.0

1000.0

1000.0

1000.0

1000.0

1000.0

1000.0

1000.0

1000.0

1000.0

1000.0

1000.0

1000.0

1000.0

1000.0

1000.0

1000.0

1000.0

1000.0

1000.0

1000.0

1000.0

1000.0

1000.0

1000.0

1000.0

1000.0

1000.0

1000.0

1000.0

1000.0

1000.0

1000.0

1000.0

1000.0

1000.0

1000.0

1000.0

1000.0

1000.0

1000.0

1000.0

1000.0

1000.0

1000.0

1000.0

1000.0

1000.0

1000.0

1000.0

1000.0

1000.0

1000.0

1000.0

1000.0

1000.0

1000.0

1000.0

1000.0

1000.0

1000.0

1000.0

1000.0

1000.0

1000.0

1000.0

1000.0

1000.0

1000.0

1000.0

1000.0

1000.0

1000.0

1000.0

1000.0

1000.0

1000.0

1000.0

1000.0

